-- bats bats
--------------------------------
bat 05.20 203 75 1
bat 05.20 -11 75 1
bat 05.40 203 85 1
bat 05.40 -11 25 1
bat 05.60 203 25 1
bat 05.60 -11 35 1
bat 05.80 203 55 1
bat 05.80 -11 45 1
bat 06.00 203 75 1
bat 06.00 -11 55 1

bat 06.20 203 35 1
bat 06.20 -11 65 1
bat 06.40 203 45 1
bat 06.40 -11 85 1
bat 06.60 203 50 1
bat 06.60 -11 50 1
bat 06.80 203 75 1
bat 06.80 -11 75 1
bat 07.00 203 75 1
bat 07.00 -11 75 1

bat 07.20 203 75 1
bat 07.20 -11 75 1
bat 07.40 203 85 1
bat 07.40 -11 25 1
bat 07.60 203 25 1
bat 07.60 -11 35 1
bat 07.80 203 55 1
bat 07.80 -11 45 1
bat 08.00 203 75 1
bat 08.00 -11 55 1

bat 08.20 203 75 1
bat 08.20 -11 75 1
bat 08.40 203 85 1
bat 08.40 -11 25 1
bat 08.60 203 25 1
bat 08.60 -11 35 1
bat 08.80 203 55 1
bat 08.80 -11 45 1
bat 09.00 203 75 1
bat 09.00 -11 55 1

bat 10.20 203 75 1
bat 10.20 -11 75 1
bat 10.40 203 85 1
bat 10.40 -11 25 1
bat 10.60 203 25 1
bat 10.60 -11 35 1
bat 10.80 203 55 1
bat 10.80 -11 45 1
bat 11.00 203 75 1
bat 11.00 -11 55 1

bat 12.20 203 75 1
bat 12.20 -11 75 1
bat 12.40 203 85 1
bat 12.40 -11 25 1
bat 12.60 203 25 1
bat 12.60 -11 35 1
bat 12.80 203 55 1
bat 12.80 -11 45 1


bat 13.00 203 75 1
bat 13.00 -11 55 1
bat 13.20 203 75 1
bat 13.20 -11 75 1
bat 13.40 203 85 1
bat 13.40 -11 25 1
bat 13.60 203 25 1
bat 13.60 -11 35 1
bat 13.80 203 55 1
bat 13.80 -11 45 1

bat 14.00 203 75 1
bat 14.00 -11 55 1
bat 14.20 203 75 1
bat 14.20 -11 75 1
bat 14.40 203 85 1
bat 14.40 -11 25 1
bat 14.60 203 25 1
bat 14.60 -11 35 1
bat 14.80 203 55 1
bat 14.80 -11 45 1

bat 15.00 203 75 1
bat 15.00 -11 55 1
bat 15.20 203 75 1
bat 15.20 -11 75 1
bat 15.40 203 85 1
bat 15.40 -11 25 1
bat 15.60 203 25 1
bat 15.60 -11 35 1
bat 15.80 203 55 1
bat 15.80 -11 45 1

bat 16.00 203 75 1
bat 16.00 -11 55 1
bat 16.20 203 75 1
bat 16.20 -11 75 1
bat 16.40 203 85 1
bat 16.40 -11 25 1
bat 16.60 203 25 1
bat 16.60 -11 35 1
bat 16.80 203 55 1
bat 16.80 -11 45 1
