-- demo_2.txt
--------------------------------
flowerBig 01.00 12 300 1

bat 03.50 -32 75 1
bat 03.65 -32 80 1
bat 03.75 -32 90 1
bigBat 04.00 -32 70 1

flowerBig 11.00 396 300 -1

bat 13.50 415 75 -1
bat 13.65 415 90 -1
bat 13.75 415 50 -1
bigBat 14.00 415 60 -1

--------------------------------

flowerBig 19.00 12 300 1

bat 21.50 -32 75 1
bat 21.65 -32 80 1
bat 21.75 -32 90 1
bigBat 22.00 -32 65 1

flowerBig 27.00 396 300 -1

bat 29.50 415 75 -1
bat 29.65 415 90 -1
bat 29.75 415 50 -1
bigBat 30.00 415 60 -1


end 10:00 1 1 1
